{
 "cells": [
  {
   "attachments": {},
   "cell_type": "markdown",
   "metadata": {},
   "source": [
    "<br>\n",
    "<img src=\"logoMoSEF.jpeg\" width=90px align=\"left\">\n",
    "<div align=\"right\">Enseignant : Rania Kaffel</div>\n",
    "<div align=\"right\">Réalisé par : Gaoussou DIAKITE et Eunice KOFFI</div>\n",
    "<div align=\"right\">Année : 2022/2023</div><br><br><br>\n",
    "<div align=\"center\"><span style=\"font-family:Lucida Caligraphy;font-size:32px;color:darkgreen\">Master 2 Modélistaion Statistiques Economiques et Financières</span></div><br>\n",
    "<div align=\"center\"><span style=\"font-family:Lucida Caligraphy;font-size:28px;color:#e60000\">Projet Finance Quantitative</span></div><br><br>\n",
    "<hr>\n",
    "\n",
    "<br>\n",
    "\n",
    "<div align=\"center\"><span style=\"font-family:Lucida Caligraphy;font-size:32px;color:darkgreen\">Partie 4.2: « D » Portfolio construction and monitoring: ARIMA Model </span></div><br>\n",
    "<hr>"
   ]
  },
  {
   "attachments": {},
   "cell_type": "markdown",
   "metadata": {},
   "source": [
    "## Stock Market Forecasting"
   ]
  },
  {
   "cell_type": "code",
   "execution_count": 14,
   "metadata": {},
   "outputs": [],
   "source": [
    "import warnings\n",
    "import itertools\n",
    "import numpy as np\n",
    "import matplotlib.pyplot as plt\n",
    "warnings.filterwarnings(\"ignore\")\n",
    "plt.style.use('fivethirtyeight')\n",
    "import pandas as pd\n",
    "import statsmodels.api as sm\n",
    "import matplotlib\n",
    "import plotly.express as px\n",
    "\n",
    "plt.rcParams['lines.linewidth'] = 2\n",
    "matplotlib.rcParams['axes.labelsize'] = 14\n",
    "matplotlib.rcParams['xtick.labelsize'] = 12\n",
    "matplotlib.rcParams['ytick.labelsize'] = 12\n",
    "matplotlib.rcParams['text.color'] = 'k'"
   ]
  },
  {
   "cell_type": "code",
   "execution_count": 15,
   "metadata": {},
   "outputs": [
    {
     "data": {
      "text/html": [
       "<div>\n",
       "<style scoped>\n",
       "    .dataframe tbody tr th:only-of-type {\n",
       "        vertical-align: middle;\n",
       "    }\n",
       "\n",
       "    .dataframe tbody tr th {\n",
       "        vertical-align: top;\n",
       "    }\n",
       "\n",
       "    .dataframe thead th {\n",
       "        text-align: right;\n",
       "    }\n",
       "</style>\n",
       "<table border=\"1\" class=\"dataframe\">\n",
       "  <thead>\n",
       "    <tr style=\"text-align: right;\">\n",
       "      <th></th>\n",
       "      <th>Dates</th>\n",
       "      <th>Dates Future</th>\n",
       "      <th>BP/ LN Equity - Energy</th>\n",
       "      <th>STERV FH Equity - Basic Materials</th>\n",
       "      <th>IP US Equity - Basic Materials</th>\n",
       "      <th>UPM FH Equity - Basic Materials</th>\n",
       "      <th>NEM US Equity - Basic Materials</th>\n",
       "      <th>XOM US Equity - Energy</th>\n",
       "      <th>VLO US Equity - Energy</th>\n",
       "      <th>NUE US Equity - Basic Materials</th>\n",
       "      <th>...</th>\n",
       "      <th>MRO US Equity - Energy</th>\n",
       "      <th>WMB US Equity - Energy</th>\n",
       "      <th>CTRA US Equity - Energy</th>\n",
       "      <th>APA US Equity - Energy</th>\n",
       "      <th>EOG US Equity - Energy</th>\n",
       "      <th>KMI US Equity - Energy</th>\n",
       "      <th>EQT US Equity - Energy</th>\n",
       "      <th>HAL US Equity - Energy</th>\n",
       "      <th>FANG US Equity - Energy</th>\n",
       "      <th>S5ENRS Index -</th>\n",
       "    </tr>\n",
       "  </thead>\n",
       "  <tbody>\n",
       "    <tr>\n",
       "      <th>0</th>\n",
       "      <td>2017-09-30</td>\n",
       "      <td>2017-10-31</td>\n",
       "      <td>5.919372</td>\n",
       "      <td>10.909070</td>\n",
       "      <td>0.791975</td>\n",
       "      <td>11.038760</td>\n",
       "      <td>-3.599040</td>\n",
       "      <td>1.671139</td>\n",
       "      <td>2.547771</td>\n",
       "      <td>3.194147</td>\n",
       "      <td>...</td>\n",
       "      <td>4.867257</td>\n",
       "      <td>-5.031656</td>\n",
       "      <td>3.551402</td>\n",
       "      <td>-9.128740</td>\n",
       "      <td>3.413359</td>\n",
       "      <td>-4.926647</td>\n",
       "      <td>-4.138565</td>\n",
       "      <td>-7.147512</td>\n",
       "      <td>9.391588</td>\n",
       "      <td>-0.662957</td>\n",
       "    </tr>\n",
       "    <tr>\n",
       "      <th>1</th>\n",
       "      <td>2017-10-31</td>\n",
       "      <td>2017-11-30</td>\n",
       "      <td>-0.988737</td>\n",
       "      <td>-2.246577</td>\n",
       "      <td>-0.288225</td>\n",
       "      <td>0.068212</td>\n",
       "      <td>2.295354</td>\n",
       "      <td>0.855728</td>\n",
       "      <td>9.456333</td>\n",
       "      <td>-0.570638</td>\n",
       "      <td>...</td>\n",
       "      <td>4.711674</td>\n",
       "      <td>1.929825</td>\n",
       "      <td>4.700338</td>\n",
       "      <td>1.111917</td>\n",
       "      <td>2.453189</td>\n",
       "      <td>-4.859194</td>\n",
       "      <td>-4.657615</td>\n",
       "      <td>-2.246140</td>\n",
       "      <td>2.006346</td>\n",
       "      <td>1.762193</td>\n",
       "    </tr>\n",
       "    <tr>\n",
       "      <th>2</th>\n",
       "      <td>2017-11-30</td>\n",
       "      <td>2017-12-31</td>\n",
       "      <td>6.988426</td>\n",
       "      <td>3.931891</td>\n",
       "      <td>2.349408</td>\n",
       "      <td>3.580244</td>\n",
       "      <td>1.644609</td>\n",
       "      <td>0.420218</td>\n",
       "      <td>7.346415</td>\n",
       "      <td>11.226980</td>\n",
       "      <td>...</td>\n",
       "      <td>14.083560</td>\n",
       "      <td>6.062945</td>\n",
       "      <td>-1.208981</td>\n",
       "      <td>0.932345</td>\n",
       "      <td>5.463253</td>\n",
       "      <td>4.875217</td>\n",
       "      <td>-4.496644</td>\n",
       "      <td>17.455190</td>\n",
       "      <td>15.497210</td>\n",
       "      <td>4.883477</td>\n",
       "    </tr>\n",
       "  </tbody>\n",
       "</table>\n",
       "<p>3 rows × 59 columns</p>\n",
       "</div>"
      ],
      "text/plain": [
       "       Dates Dates Future  BP/ LN Equity - Energy  \\\n",
       "0 2017-09-30   2017-10-31                5.919372   \n",
       "1 2017-10-31   2017-11-30               -0.988737   \n",
       "2 2017-11-30   2017-12-31                6.988426   \n",
       "\n",
       "   STERV FH Equity - Basic Materials  IP US Equity - Basic Materials  \\\n",
       "0                          10.909070                        0.791975   \n",
       "1                          -2.246577                       -0.288225   \n",
       "2                           3.931891                        2.349408   \n",
       "\n",
       "   UPM FH Equity - Basic Materials  NEM US Equity - Basic Materials  \\\n",
       "0                        11.038760                        -3.599040   \n",
       "1                         0.068212                         2.295354   \n",
       "2                         3.580244                         1.644609   \n",
       "\n",
       "   XOM US Equity - Energy  VLO US Equity - Energy  \\\n",
       "0                1.671139                2.547771   \n",
       "1                0.855728                9.456333   \n",
       "2                0.420218                7.346415   \n",
       "\n",
       "   NUE US Equity - Basic Materials  ...  MRO US Equity - Energy  \\\n",
       "0                         3.194147  ...                4.867257   \n",
       "1                        -0.570638  ...                4.711674   \n",
       "2                        11.226980  ...               14.083560   \n",
       "\n",
       "   WMB US Equity - Energy  CTRA US Equity - Energy  APA US Equity - Energy  \\\n",
       "0               -5.031656                 3.551402               -9.128740   \n",
       "1                1.929825                 4.700338                1.111917   \n",
       "2                6.062945                -1.208981                0.932345   \n",
       "\n",
       "   EOG US Equity - Energy  KMI US Equity - Energy  EQT US Equity - Energy  \\\n",
       "0                3.413359               -4.926647               -4.138565   \n",
       "1                2.453189               -4.859194               -4.657615   \n",
       "2                5.463253                4.875217               -4.496644   \n",
       "\n",
       "   HAL US Equity - Energy  FANG US Equity - Energy  S5ENRS Index -   \n",
       "0               -7.147512                 9.391588        -0.662957  \n",
       "1               -2.246140                 2.006346         1.762193  \n",
       "2               17.455190                15.497210         4.883477  \n",
       "\n",
       "[3 rows x 59 columns]"
      ]
     },
     "execution_count": 15,
     "metadata": {},
     "output_type": "execute_result"
    }
   ],
   "source": [
    "df1 = pd.read_excel(r'data/Data_projet.xlsx', sheet_name=\"Returns\")\n",
    "stock=df1\n",
    "stock.head(3)"
   ]
  },
  {
   "cell_type": "code",
   "execution_count": 13,
   "metadata": {},
   "outputs": [
    {
     "data": {
      "application/vnd.plotly.v1+json": {
       "config": {
        "plotlyServerURL": "https://plot.ly"
       },
       "data": [
        {
         "coloraxis": "coloraxis",
         "hovertemplate": "Columns: %{x}<br>Columns: %{y}<br>Correlation: %{z}<extra></extra>",
         "name": "0",
         "type": "heatmap",
         "x": [
          "STERV FH Equity - Basic Materials",
          "IP US Equity - Basic Materials",
          "UPM FH Equity - Basic Materials",
          "NEM US Equity - Basic Materials",
          "XOM US Equity - Energy",
          "VLO US Equity - Energy",
          "NUE US Equity - Basic Materials",
          "ABX CT Equity - Basic Materials",
          "FMC US Equity - Basic Materials",
          "FCX US Equity - Basic Materials",
          "TTE FP Equity - Energy",
          "COP US Equity - Energy",
          "ADM US Equity - Consumer, Non-cyclical",
          "PKX US Equity - Basic Materials",
          "BHP US Equity - Basic Materials",
          "TECK/B CT Equity - Basic Materials",
          "RIO US Equity - Basic Materials",
          "WIL SP Equity - Consumer, Non-cyclical",
          "MNDI LN Equity - Basic Materials",
          "AAL LN Equity - Basic Materials",
          "CVE CT Equity - Energy",
          "ALA CT Equity - Utilities",
          "WLK US Equity - Basic Materials",
          "GLEN LN Equity - Basic Materials",
          "MOS US Equity - Basic Materials",
          "MPC US Equity - Energy",
          "PSX US Equity - Energy",
          "WY US Equity - Financial",
          "ET US Equity - Energy",
          "VNOM UW Equity - Energy",
          "SUN US Equity - Energy",
          "WRK US Equity - Industrial",
          "PBA US Equity - Energy",
          "AA US Equity - Basic Materials",
          "MTS SQ Equity - Basic Materials",
          "NTR CT Equity - Basic Materials",
          "NTR US Equity - Basic Materials",
          "OXY US Equity - Energy",
          "OKE US Equity - Energy",
          "CVX US Equity - Energy",
          "PXD US Equity - Energy",
          "TRGP US Equity - Energy",
          "SLB US Equity - Energy",
          "BKR US Equity - Energy",
          "DVN US Equity - Energy",
          "HES US Equity - Energy",
          "MRO US Equity - Energy",
          "WMB US Equity - Energy",
          "CTRA US Equity - Energy",
          "APA US Equity - Energy",
          "EOG US Equity - Energy",
          "KMI US Equity - Energy",
          "EQT US Equity - Energy",
          "HAL US Equity - Energy",
          "FANG US Equity - Energy",
          "S5ENRS Index - "
         ],
         "xaxis": "x",
         "y": [
          "STERV FH Equity - Basic Materials",
          "IP US Equity - Basic Materials",
          "UPM FH Equity - Basic Materials",
          "NEM US Equity - Basic Materials",
          "XOM US Equity - Energy",
          "VLO US Equity - Energy",
          "NUE US Equity - Basic Materials",
          "ABX CT Equity - Basic Materials",
          "FMC US Equity - Basic Materials",
          "FCX US Equity - Basic Materials",
          "TTE FP Equity - Energy",
          "COP US Equity - Energy",
          "ADM US Equity - Consumer, Non-cyclical",
          "PKX US Equity - Basic Materials",
          "BHP US Equity - Basic Materials",
          "TECK/B CT Equity - Basic Materials",
          "RIO US Equity - Basic Materials",
          "WIL SP Equity - Consumer, Non-cyclical",
          "MNDI LN Equity - Basic Materials",
          "AAL LN Equity - Basic Materials",
          "CVE CT Equity - Energy",
          "ALA CT Equity - Utilities",
          "WLK US Equity - Basic Materials",
          "GLEN LN Equity - Basic Materials",
          "MOS US Equity - Basic Materials",
          "MPC US Equity - Energy",
          "PSX US Equity - Energy",
          "WY US Equity - Financial",
          "ET US Equity - Energy",
          "VNOM UW Equity - Energy",
          "SUN US Equity - Energy",
          "WRK US Equity - Industrial",
          "PBA US Equity - Energy",
          "AA US Equity - Basic Materials",
          "MTS SQ Equity - Basic Materials",
          "NTR CT Equity - Basic Materials",
          "NTR US Equity - Basic Materials",
          "OXY US Equity - Energy",
          "OKE US Equity - Energy",
          "CVX US Equity - Energy",
          "PXD US Equity - Energy",
          "TRGP US Equity - Energy",
          "SLB US Equity - Energy",
          "BKR US Equity - Energy",
          "DVN US Equity - Energy",
          "HES US Equity - Energy",
          "MRO US Equity - Energy",
          "WMB US Equity - Energy",
          "CTRA US Equity - Energy",
          "APA US Equity - Energy",
          "EOG US Equity - Energy",
          "KMI US Equity - Energy",
          "EQT US Equity - Energy",
          "HAL US Equity - Energy",
          "FANG US Equity - Energy",
          "S5ENRS Index - "
         ],
         "yaxis": "y",
         "z": [
          [
           1,
           0.5413515707318994,
           0.8445588327041836,
           0.06636800310395063,
           0.4701624131899286,
           0.5767199107894082,
           0.3938828873189794,
           0.0932866671993962,
           0.46037796969182226,
           0.5242098450546064,
           0.41125494627247555,
           0.4751251954813961,
           0.5915862472475588,
           0.597120506547907,
           0.5550898422648131,
           0.5126593429795152,
           0.5279774408155034,
           0.49492623118428264,
           0.6745145860414697,
           0.568308138752658,
           0.5328885560112524,
           0.38833923117813923,
           0.5420825981451718,
           0.5265003069560169,
           0.4494540655042229,
           0.5110754861852272,
           0.5543472952789167,
           0.6765800750813097,
           0.4572381238297505,
           0.5370705029425767,
           0.43634627279895866,
           0.5574474116616581,
           0.33905406802266375,
           0.5501674812496985,
           0.6214417813311836,
           0.4335141233714661,
           0.42984314307829574,
           0.3700054208458617,
           0.4312652310218162,
           0.4518535917415637,
           0.5255496852207995,
           0.4541464599965912,
           0.5786782893252495,
           0.4904271138861015,
           0.5109005047339158,
           0.5279476032578279,
           0.5196014662203711,
           0.45286332518612576,
           0.04909117160139484,
           0.4340539134999369,
           0.48114593528834326,
           0.36843672306523384,
           0.2521647093703417,
           0.6028040175848381,
           0.4702189907533227,
           0.5279700181886945
          ],
          [
           0.5413515707318994,
           1,
           0.493963305116204,
           0.09205846180261323,
           0.5003049027777949,
           0.5327378577763345,
           0.5906214775615286,
           -0.012517430240956588,
           0.46931290840684603,
           0.574580824558686,
           0.4030941425176765,
           0.4410869904746066,
           0.6152064999207207,
           0.671452474076679,
           0.3736125210823322,
           0.5870701064906801,
           0.39336154415041275,
           0.42547714941953035,
           0.6470776137264045,
           0.4867688006566908,
           0.4455793685842395,
           0.4610605830268387,
           0.7057839117489161,
           0.513576069324703,
           0.5442639098349361,
           0.5431739299688835,
           0.5291786264014718,
           0.5886823262434626,
           0.4626748026745706,
           0.45461254128065,
           0.4675889957128037,
           0.8393948261035367,
           0.555271014617047,
           0.5512711967604365,
           0.66545437918089,
           0.5271682835400532,
           0.5311867140651849,
           0.43491673337770276,
           0.5647802400194046,
           0.47718124076150414,
           0.491459931835048,
           0.5057807605784068,
           0.6149885621118568,
           0.5013597383291161,
           0.5343098797382003,
           0.5306665866679529,
           0.4710966938471145,
           0.6610849906199814,
           0.1828632029055382,
           0.3801165040834257,
           0.5019759429185741,
           0.6108286410526805,
           0.3221419151686884,
           0.5550164004806037,
           0.4266979245696081,
           0.5563443862875193
          ],
          [
           0.8445588327041836,
           0.493963305116204,
           1,
           -0.10672218669119639,
           0.36853038911676594,
           0.5458475728196925,
           0.40324806496235616,
           -0.07405541857376229,
           0.38953965966164034,
           0.47842683383056855,
           0.4347574824616039,
           0.42242845663188844,
           0.49382446731510093,
           0.5280471676166444,
           0.4799358599095656,
           0.45760636208558036,
           0.4522403971508764,
           0.35348251438080897,
           0.684752605524163,
           0.5406169008584654,
           0.45330497252912727,
           0.3543898279664142,
           0.4896383798202183,
           0.47958510917887964,
           0.3499608375279687,
           0.5238396120153029,
           0.5468615064569181,
           0.548849409945496,
           0.3781099463499029,
           0.49393060340796857,
           0.3200439344055292,
           0.48741685755805836,
           0.279119086421326,
           0.4776272553674435,
           0.6179473982867404,
           0.39968838936112505,
           0.3940792267597645,
           0.2895710808989433,
           0.3658352204659522,
           0.3502224427282249,
           0.41522027838598197,
           0.3702014389782484,
           0.49993017872819423,
           0.3610911870517698,
           0.45529616064227485,
           0.4526369434902109,
           0.43840086206071843,
           0.3219149643233915,
           -0.08755179106678126,
           0.3010018370934562,
           0.4028776217365875,
           0.3290141957593947,
           0.10983082632444657,
           0.4355175391193363,
           0.39980497378123087,
           0.43910047923730855
          ],
          [
           0.06636800310395063,
           0.09205846180261323,
           -0.10672218669119639,
           1,
           0.00941447143200028,
           0.12652947824835734,
           0.17453521849980963,
           0.7900500925678597,
           0.3811598019612177,
           0.28702350543756944,
           -0.06546600133391182,
           0.04583527225853162,
           0.1319355147003424,
           0.2143309428408974,
           0.33810612303405624,
           0.2284304949137841,
           0.27313906362763696,
           0.21325147893404553,
           -0.025254606848539533,
           0.27703919546085254,
           0.16988608920955342,
           0.2700611513042423,
           0.23253205275730868,
           0.19477825720020941,
           0.1300292324385151,
           0.09343424061414286,
           0.09883451613707964,
           0.25551117364119436,
           0.26753078946196057,
           -0.037836574730718164,
           0.2356389924942509,
           0.13646613886815376,
           0.21920417994097122,
           0.2021131630247531,
           0.18007994133944463,
           0.10836936499388242,
           0.11643520632383965,
           0.07106970064388951,
           0.14776742360798809,
           0.18608967179609634,
           0.0989838204950593,
           0.19832255410973978,
           0.08595416682398237,
           0.2859883232440869,
           0.13789870892049014,
           0.1679843244251278,
           0.1625920129804552,
           0.2279208928299898,
           0.0504435803915257,
           0.36385095209640056,
           0.14331678815361742,
           0.12557205586746933,
           0.3309946492440014,
           0.2543868929344123,
           0.14396795161341902,
           0.10907095032349966
          ],
          [
           0.4701624131899286,
           0.5003049027777949,
           0.36853038911676594,
           0.00941447143200028,
           1,
           0.7936583759770862,
           0.4335903211381056,
           0.05549152491218079,
           0.43407913016769034,
           0.5297518517049945,
           0.5925453735824687,
           0.8795099023462309,
           0.5925935786422277,
           0.4770315152643041,
           0.5232019568828904,
           0.5524471026601196,
           0.4133214225717058,
           0.41422961964703126,
           0.38154465817352945,
           0.47094576094411605,
           0.8196756077247143,
           0.5501833198537479,
           0.5671238718679018,
           0.7101795579885276,
           0.5630154393929464,
           0.7850789694666348,
           0.8321479920675596,
           0.5506725961067886,
           0.7764337976474468,
           0.8069064843247747,
           0.6291549577275352,
           0.4872272100870477,
           0.6739958074498821,
           0.5643226848760271,
           0.5149576501458616,
           0.5182715452450898,
           0.5129298119032251,
           0.8203155509281422,
           0.7195846012540911,
           0.8838845820976624,
           0.8534932655461521,
           0.7118908915326849,
           0.8740787336475926,
           0.6966371889679998,
           0.8448638683002947,
           0.8403181571342253,
           0.8821638539008769,
           0.7783653211081939,
           0.3829275036609671,
           0.6787203707667333,
           0.8959290406507937,
           0.7689408651917259,
           0.4086529299061918,
           0.8136033683509675,
           0.828345182417172,
           0.9529963216084382
          ],
          [
           0.5767199107894082,
           0.5327378577763345,
           0.5458475728196925,
           0.12652947824835734,
           0.7936583759770862,
           1,
           0.4706411722010843,
           0.055107852692300285,
           0.4461000697724911,
           0.5403213554061717,
           0.640898264855519,
           0.831717178915517,
           0.6686116641043436,
           0.525295728959568,
           0.5770352987334099,
           0.6255245549946459,
           0.47557221358302504,
           0.48294045611917125,
           0.4899610417534347,
           0.5473468323583899,
           0.7776456195590072,
           0.49807533637043827,
           0.6689838567559858,
           0.7423975672964445,
           0.5499115221907012,
           0.8841734189213581,
           0.9072791860767823,
           0.5891761872138913,
           0.7397382802654917,
           0.7613510336703376,
           0.5941910030583076,
           0.4868426913067879,
           0.5946847455986086,
           0.6098129352731834,
           0.5836535594226532,
           0.5637494581804224,
           0.5590447805715631,
           0.7332148498759878,
           0.6585939170192909,
           0.807235717283396,
           0.7749599582067881,
           0.7034507628001949,
           0.8360681352392149,
           0.7629599291871312,
           0.7973738336265741,
           0.7722062818307429,
           0.840361462215223,
           0.7026642874908928,
           0.27976402902491915,
           0.6670579913145753,
           0.8223212307865831,
           0.6616317948521652,
           0.4454010701785137,
           0.7970829071579114,
           0.737942566471369,
           0.8777948044081924
          ],
          [
           0.3938828873189794,
           0.5906214775615286,
           0.40324806496235616,
           0.17453521849980963,
           0.4335903211381056,
           0.4706411722010843,
           1,
           0.17225264748113045,
           0.47945202003243115,
           0.6485718186558801,
           0.20627647816577283,
           0.3878177019251739,
           0.5876877089393179,
           0.5850610597864657,
           0.390171863854353,
           0.4975144357846778,
           0.3837367673154385,
           0.2760747689196442,
           0.431915788281334,
           0.5586750108265837,
           0.32393218276119057,
           0.3942252888819626,
           0.6193212498647227,
           0.5183829075511754,
           0.6230843149428951,
           0.49856453609720913,
           0.43878500526725694,
           0.5312795451421034,
           0.404774517131723,
           0.30089388432877434,
           0.3398901334238252,
           0.6665806911330734,
           0.4651669743766864,
           0.6811164002880631,
           0.6625460265109682,
           0.6511664547764894,
           0.6572333285646683,
           0.3159458321684706,
           0.46094914047696034,
           0.5525777378851608,
           0.41201833537331384,
           0.418864224391153,
           0.46180010664616944,
           0.4006125127850127,
           0.44889504302817307,
           0.39837965873638587,
           0.431278842988844,
           0.5312187160936267,
           0.13950481108821883,
           0.3057687000773678,
           0.42496222771396275,
           0.4862887005430344,
           0.31494363344861287,
           0.4491059015833052,
           0.32792488107127016,
           0.49326240706198765
          ],
          [
           0.0932866671993962,
           -0.012517430240956588,
           -0.07405541857376229,
           0.7900500925678597,
           0.05549152491218079,
           0.055107852692300285,
           0.17225264748113045,
           1,
           0.3651981697527431,
           0.27704893566877165,
           -0.21485424645627216,
           0.054001780792724045,
           0.08487175783784542,
           0.10781144910356903,
           0.24476861607758765,
           0.1699686933885222,
           0.1631559584341615,
           0.23225254568251133,
           -0.012068788434076985,
           0.18882118359352643,
           0.23185013147020342,
           0.18547074795005453,
           0.16185942811383197,
           0.18092693192427836,
           0.09799132501278043,
           0.0930624366908932,
           0.12166048310043798,
           0.30583195646440087,
           0.321804208886047,
           0.06676452867148039,
           0.29952848767819734,
           0.0649598210200986,
           0.22725846395263696,
           0.18813140882544674,
           0.1275996337366722,
           0.1008623748230063,
           0.10318022654720384,
           0.07725434385073149,
           0.1952649293911878,
           0.21699808209025026,
           0.12372888851102024,
           0.2476447733821904,
           0.0713475732530721,
           0.2120898295729258,
           0.20262908829079054,
           0.2422793636792915,
           0.2098075167123066,
           0.24260362897497115,
           0.03245962411462762,
           0.42534700935362457,
           0.12448992065792576,
           0.12597233942471905,
           0.28364544096235844,
           0.24865772815099674,
           0.17525192076665194,
           0.13291617956567356
          ],
          [
           0.46037796969182226,
           0.46931290840684603,
           0.38953965966164034,
           0.3811598019612177,
           0.43407913016769034,
           0.4461000697724911,
           0.47945202003243115,
           0.3651981697527431,
           1,
           0.5655040023518666,
           0.2552005952680935,
           0.34727796356212504,
           0.4678599666658495,
           0.45730765339039464,
           0.5074817017911333,
           0.38616250059237645,
           0.411892291865912,
           0.45752061340024847,
           0.3789404276461071,
           0.4234592625118915,
           0.4827923827655402,
           0.5352847563477876,
           0.5501021180160354,
           0.46732331353744677,
           0.4803328395825902,
           0.42987630622170775,
           0.458009632244728,
           0.5832274910168997,
           0.4281515566914466,
           0.43095245146101663,
           0.4296889650350066,
           0.47635097501095053,
           0.5689887908697817,
           0.5451759208621109,
           0.5043472555880687,
           0.5437145838052356,
           0.5437811286625756,
           0.35318412351348605,
           0.460735415174861,
           0.5593664307281587,
           0.3958406228103604,
           0.4448460418909314,
           0.45404329195185317,
           0.425233657857664,
           0.46118373749578917,
           0.4933705881109417,
           0.41217143500108794,
           0.4963327764269117,
           0.05843427546881197,
           0.4131916702070102,
           0.4608898981237165,
           0.5546890050711377,
           0.25894172352065237,
           0.4544172053241686,
           0.39421021578616144,
           0.4914450951759789
          ],
          [
           0.5242098450546064,
           0.574580824558686,
           0.47842683383056855,
           0.28702350543756944,
           0.5297518517049945,
           0.5403213554061717,
           0.6485718186558801,
           0.27704893566877165,
           0.5655040023518666,
           1,
           0.34173508352421816,
           0.5403790245462267,
           0.5712576836339256,
           0.5784384832787328,
           0.6853939085993516,
           0.7094142587708742,
           0.6103350380692578,
           0.4683359664920781,
           0.5358132537956135,
           0.7254522052224751,
           0.541865932975837,
           0.5858740042308979,
           0.7604820627993152,
           0.7958144136312924,
           0.6766074583761885,
           0.6170180401069552,
           0.5088529414180927,
           0.6186226711772719,
           0.5382843008043591,
           0.5275345456068117,
           0.42547382154800484,
           0.5785567282041371,
           0.5502543704418209,
           0.7612296672281358,
           0.7114900361463041,
           0.6681169079050521,
           0.6705327646484027,
           0.5390497837432009,
           0.5444915289207407,
           0.6319217994835149,
           0.6168312154469656,
           0.5763554859378724,
           0.6660513057065016,
           0.5579041410499413,
           0.6488176856264108,
           0.5483936855811546,
           0.6538192341282695,
           0.5702543665058144,
           0.022344483829759947,
           0.5395986153450073,
           0.5762312711330633,
           0.49789344409897873,
           0.3036557649126018,
           0.6831452225750801,
           0.5804348482197292,
           0.6244470875935708
          ],
          [
           0.41125494627247555,
           0.4030941425176765,
           0.4347574824616039,
           -0.06546600133391182,
           0.5925453735824687,
           0.640898264855519,
           0.20627647816577283,
           -0.21485424645627216,
           0.2552005952680935,
           0.34173508352421816,
           1,
           0.6704439380934857,
           0.47757918365380025,
           0.3648250764689227,
           0.44815691594182727,
           0.4702527434375405,
           0.45590487480366026,
           0.24216163828212142,
           0.4857027704858117,
           0.5326917336338906,
           0.5262143822416289,
           0.2655830065596445,
           0.39356174499091406,
           0.5694006888092128,
           0.4269858237887091,
           0.549538221853139,
           0.6116799628124042,
           0.26109347618322404,
           0.2795148756307765,
           0.5812323745910206,
           0.20371055255320528,
           0.3388173324450426,
           0.3851489393342102,
           0.4525073153068506,
           0.5413888984163114,
           0.3969127655717222,
           0.3843777860944863,
           0.6029649109773845,
           0.3202632444883311,
           0.6050588968226567,
           0.6369969376280883,
           0.3253038958282713,
           0.6882580853179451,
           0.5602373810771852,
           0.5357810661329672,
           0.4993596922349406,
           0.507971724310067,
           0.3863612068824345,
           0.20160764487230406,
           0.25013773091269453,
           0.6784773811339527,
           0.559216334032172,
           0.06455999701473455,
           0.5702424485204243,
           0.5596499750774696,
           0.6421618766209544
          ],
          [
           0.4751251954813961,
           0.4410869904746066,
           0.42242845663188844,
           0.04583527225853162,
           0.8795099023462309,
           0.831717178915517,
           0.3878177019251739,
           0.054001780792724045,
           0.34727796356212504,
           0.5403790245462267,
           0.6704439380934857,
           1,
           0.5832126041883882,
           0.48707048648274553,
           0.5267782548829861,
           0.6140531078724312,
           0.3845299527121707,
           0.3730665633498316,
           0.39635769933065157,
           0.49480645588176236,
           0.8574059255869314,
           0.5319757103001028,
           0.5805439486276665,
           0.7569543160204273,
           0.5509433493401719,
           0.8290157351522033,
           0.8362830362367009,
           0.480168120832507,
           0.7862772273461434,
           0.828135054944533,
           0.6124963795199345,
           0.43326170031470207,
           0.6461749056184973,
           0.6343689737962102,
           0.5299560707348357,
           0.5393240187196852,
           0.5330682813192952,
           0.8453064779799686,
           0.7319629518587457,
           0.8749924085662485,
           0.8712803579132956,
           0.7596305115256643,
           0.8921540517158187,
           0.7600706561735996,
           0.8935267014961027,
           0.8195229887391156,
           0.9134347231394072,
           0.7326977427340037,
           0.3477576155060889,
           0.7328217225843751,
           0.923182212508609,
           0.7317359965180593,
           0.3972239743305403,
           0.8617483155851439,
           0.8593368388585084,
           0.9448232449607743
          ],
          [
           0.5915862472475588,
           0.6152064999207207,
           0.49382446731510093,
           0.1319355147003424,
           0.5925935786422277,
           0.6686116641043436,
           0.5876877089393179,
           0.08487175783784542,
           0.4678599666658495,
           0.5712576836339256,
           0.47757918365380025,
           0.5832126041883882,
           1,
           0.5846719898389411,
           0.5437509558663702,
           0.6421417547367974,
           0.5583970561834255,
           0.45986356300108844,
           0.48602958802590707,
           0.5736761122053787,
           0.47603159243147214,
           0.3245856594810604,
           0.6745631955910548,
           0.578255479592911,
           0.715450422446955,
           0.6464067692807972,
           0.5748244134709368,
           0.5830749753470927,
           0.4387950280311573,
           0.5183648430537411,
           0.3634854665853143,
           0.6159802884910157,
           0.43165752923849554,
           0.5877641258324158,
           0.5479162859431957,
           0.6302093472650931,
           0.6323623621428429,
           0.4509511162237798,
           0.47114099683864236,
           0.5946167212328826,
           0.5911383081689093,
           0.473152689659685,
           0.6954787193125292,
           0.6394516671502682,
           0.5458898051282434,
           0.565661475368777,
           0.5489951132979409,
           0.6110179689812963,
           0.26486216490741477,
           0.4097142152812809,
           0.6203936494205402,
           0.5690713613124859,
           0.36070667997729516,
           0.6499667664160449,
           0.4367873592261311,
           0.6543134056203359
          ],
          [
           0.597120506547907,
           0.671452474076679,
           0.5280471676166444,
           0.2143309428408974,
           0.4770315152643041,
           0.525295728959568,
           0.5850610597864657,
           0.10781144910356903,
           0.45730765339039464,
           0.5784384832787328,
           0.3648250764689227,
           0.48707048648274553,
           0.5846719898389411,
           1,
           0.5423951988818698,
           0.5942234190632532,
           0.534350017597602,
           0.4690921586674844,
           0.5289977456541479,
           0.6166969444375768,
           0.49941123088679695,
           0.531876891973566,
           0.684552903589685,
           0.5865916288458974,
           0.5265654745197478,
           0.5390675262698386,
           0.5141599411537074,
           0.6361039526205073,
           0.49895942622092665,
           0.44426655908034574,
           0.4176579615849461,
           0.6823709557962783,
           0.45235173842073745,
           0.7060309830810801,
           0.7778691548289123,
           0.45515038460586454,
           0.4630854483993163,
           0.4249307054781339,
           0.5385187416784428,
           0.4981273665344799,
           0.5720759540159576,
           0.4876386467880807,
           0.5488950033206096,
           0.5309793664674111,
           0.5509344905501752,
           0.5057396096402441,
           0.5203797557152309,
           0.5431252845147273,
           0.13709848159599033,
           0.41565708199144025,
           0.5499820707570441,
           0.48769336898293436,
           0.287952668824644,
           0.5645968721072716,
           0.47358861452588674,
           0.5528403951483898
          ],
          [
           0.5550898422648131,
           0.3736125210823322,
           0.4799358599095656,
           0.33810612303405624,
           0.5232019568828904,
           0.5770352987334099,
           0.390171863854353,
           0.24476861607758765,
           0.5074817017911333,
           0.6853939085993516,
           0.44815691594182727,
           0.5267782548829861,
           0.5437509558663702,
           0.5423951988818698,
           1,
           0.6866297895688201,
           0.8866489650283191,
           0.5385699730676037,
           0.46603743486305044,
           0.8293852783930664,
           0.5219890230428468,
           0.4080797493711167,
           0.5492056388415102,
           0.6951439819211599,
           0.5032854359485012,
           0.5405777213994796,
           0.5642730082692059,
           0.4051217934740016,
           0.5034835086424083,
           0.5006182564370179,
           0.38223642746787495,
           0.24929949382848615,
           0.45416330426297347,
           0.554912048596786,
           0.5493128208141629,
           0.4504936092703692,
